12 0.26015625 0.2015625 0.007421875 0.02734375
31 0.28359375 0.20234375 0.0078125 0.030078125
28 0.30703125 0.2015625 0.00625 0.03125
11 0.3328125 0.2046875 0.009765625 0.028125
51 0.35703125 0.20390625 0.008203125 0.0265625
49 0.43984375 0.20078125 0.010546875 0.03125
42 0.46328125 0.20078125 0.008203125 0.029296875
44 0.18984375 0.29296875 0.0078125 0.025
10 0.2125 0.2921875 0.00703125 0.025
52 0.40390625 0.29140625 0.007421875 0.0296875
37 0.42734375 0.29375 0.005078125 0.025390625
36 0.628125 0.20390625 0.009375 0.03125
7 0.653125 0.203125 0.008984375 0.03046875
48 0.6765625 0.2015625 0.009375 0.02734375