23 0.259375 0.20234375 0.008984375 0.030078125
30 0.2828125 0.203125 0.009765625 0.028515625
10 0.3078125 0.2046875 0.009765625 0.025390625
25 0.3328125 0.2015625 0.009765625 0.03125
25 0.628125 0.203125 0.009765625 0.031640625
47 0.6515625 0.2015625 0.009375 0.03125
20 0.67734375 0.203125 0.010546875 0.031640625
14 0.7015625 0.203125 0.009765625 0.030859375
33 0.725 0.20078125 0.009765625 0.03125
21 0.259375 0.671875 0.008984375 0.034765625
47 0.30859375 0.6734375 0.010546875 0.030859375
53 0.28515625 0.6734375 0.009375 0.030859375
46 0.33359375 0.6734375 0.0109375 0.030859375
9 0.35859375 0.675 0.0125 0.03125