12 0.26015625 0.20625 0.0078125 0.034765625
31 0.284375 0.2046875 0.009375 0.037890625
28 0.30859375 0.20625 0.008203125 0.034765625
11 0.3328125 0.2046875 0.009375 0.031640625
51 0.35625 0.20625 0.009375 0.031640625
52 0.4046875 0.29609375 0.01015625 0.033203125
37 0.428125 0.29375 0.01171875 0.031640625
44 0.190625 0.29375 0.009375 0.034765625
10 0.21328125 0.29375 0.010546875 0.031640625
36 0.628125 0.20234375 0.00703125 0.036328125
7 0.653125 0.2046875 0.008984375 0.034765625
48 0.6765625 0.203125 0.009375 0.031640625
49 0.440625 0.1984375 0.01171875 0.031640625
42 0.46328125 0.20078125 0.009375 0.033203125