32 0.53828125 0.11171875 0.010546875 0.033203125
34 0.559375 0.109375 0.012109375 0.031640625
24 0.62734375 0.2015625 0.010546875 0.03515625
26 0.653125 0.203125 0.006640625 0.030859375
23 0.678125 0.20390625 0.008984375 0.03125
22 0.7015625 0.20390625 0.008984375 0.034375
31 0.72578125 0.20625 0.008203125 0.03125
3 0.809375 0.2015625 0.009765625 0.02890625
43 0.83125 0.2015625 0.008984375 0.030859375
21 0.665625 0.33515625 0.0125 0.033203125
37 0.68828125 0.334375 0.008203125 0.028515625
23 0.259375 0.67734375 0.00703125 0.030078125