50 0.16953125 0.58203125 0.010546875 0.028125
28 0.19140625 0.58125 0.010546875 0.03046875
48 0.18984375 0.76328125 0.0109375 0.0234375
43 0.2125 0.7640625 0.009765625 0.02734375
21 0.25859375 0.6734375 0.010546875 0.03125
53 0.2828125 0.67265625 0.009375 0.030078125
47 0.309375 0.671875 0.008984375 0.028125
46 0.33203125 0.675 0.007421875 0.028125
9 0.35703125 0.67265625 0.00625 0.030078125
49 0.35625 0.5390625 0.009765625 0.028515625
39 0.37890625 0.54296875 0.010546875 0.03125
44 0.29765625 0.80625 0.010546875 0.030859375
37 0.31953125 0.80703125 0.009375 0.028125
14 0.628125 0.67421875 0.009765625 0.03125
11 0.65234375 0.67421875 0.008203125 0.0296875
12 0.678125 0.6765625 0.00703125 0.031640625
32 0.7 0.67421875 0.00703125 0.030078125
5 0.725 0.6734375 0.00703125 0.03125