43 0.259375 0.671875 0.009765625 0.034765625
34 0.2859375 0.67421875 0.009765625 0.0296875
33 0.30859375 0.67421875 0.010546875 0.032421875
17 0.33359375 0.67578125 0.0125 0.035546875
26 0.35859375 0.67421875 0.0109375 0.038671875
42 0.628125 0.2015625 0.009765625 0.03125
34 0.65390625 0.20078125 0.0109375 0.032421875
46 0.678125 0.203125 0.012109375 0.03046875
1 0.70078125 0.20078125 0.0125 0.035546875
4 0.7265625 0.06875 0.009765625 0.034375
5 0.7484375 0.06796875 0.012890625 0.033203125
39 0.79375 0.11171875 0.01171875 0.030078125
52 0.8171875 0.10859375 0.008984375 0.033203125
49 0.809375 0.20078125 0.012109375 0.029296875
37 0.83203125 0.2015625 0.007421875 0.03125
12 0.7734375 0.29453125 0.009765625 0.0296875
48 0.79453125 0.29296875 0.011328125 0.028125