11 0.21640625 0.328125 0.06875 0.034375
11 0.4375 0.26328125 0.059375 0.032421875
44 0.4859375 0.31484375 0.05234375 0.030078125
44 0.27890625 0.38671875 0.0609375 0.028125
10 0.61328125 0.30078125 0.0265625 0.04375
10 0.76015625 0.38359375 0.028125 0.041796875
34 0.58828125 0.3734375 0.036328125 0.040625
34 0.73828125 0.44453125 0.03125 0.0390625
29 0.46061264375000005 0.7311382656250001 0.49408407812500005 0.7578125 0.4991474171875 0.7578125 0.515625 0.7474735156250001 0.515625 0.7468133078125 0.4844889796875 0.719263575 0.46061264375000005 0.7311382656250001
29 0.6376001734375001 0.7406799421875 0.667764353125 0.7625 0.671567071875 0.7625 0.6828125 0.7548336546875001 0.6828125 0.7540246484375001 0.6536587046875 0.728125 0.6534680359375 0.728125 0.6376001734375001 0.7406799421875
49 0.4803903765625 0.778125 0.47941006093749994 0.779422253125 0.4598156984375 0.7901863421875001 0.49094102812499996 0.8203125 0.49285632343749997 0.8203125 0.5046875 0.8127972531250001 0.5046875 0.8122511484375 0.48086082656249995 0.778125 0.4803903765625 0.778125
49 0.6474491734375001 0.7984375 0.6359375 0.8042036953125 0.6359375 0.8045789859375001 0.6584087328125 0.8328125 0.65844814375 0.8328125 0.671875 0.8241204953124999 0.671875 0.8231858375 0.6496695140625001 0.7984375 0.6474491734375001 0.7984375