14 0.14765625 0.16875 0.08125 0.049609375
14 0.45078125 0.16640625 0.071875 0.046875
17 0.525 0.11171875 0.037109375 0.061328125
17 0.69453125 0.2828125 0.033203125 0.05390625
28 0.2125 0.32265625 0.037890625 0.0640625
28 0.36875 0.53359375 0.03203125 0.0609375
38 0.69140625 0.5484375 0.060546875 0.024609375
38 0.49765625 0.68046875 0.069921875 0.023828125
22 0.19375 0.71171875 0.034375 0.065625
22 0.3703125 0.8765625 0.028515625 0.058984375
30 0.4671875 0.84140625 0.053515625 0.046875
30 0.68671875 0.88828125 0.0390625 0.048828125