32 0.72109375 0.134375 0.069921875 0.034375
32 0.4875 0.2328125 0.084375 0.03515625
37 0.8203125 0.20625 0.075 0.0375
37 0.609375 0.3171875 0.06953125 0.033984375
51 0.71953125 0.43125 0.067578125 0.02578125
51 0.5140625 0.5640625 0.084375 0.022265625
5 0.8140625 0.48125 0.05859375 0.025
5 0.61953125 0.6171875 0.073046875 0.025390625
2 0.71953125 0.765625 0.073828125 0.027734375
2 0.496875 0.90078125 0.06953125 0.0265625
23 0.79375 0.82578125 0.071484375 0.0265625
23 0.59609375 0.96484375 0.067578125 0.019921875