11 0.21640625 0.328125 0.06875 0.034375
11 0.4375 0.26328125 0.059375 0.032421875
44 0.4859375 0.31484375 0.05234375 0.030078125
44 0.27890625 0.38671875 0.0609375 0.028125
10 0.61328125 0.30078125 0.0265625 0.04375
10 0.76015625 0.38359375 0.028125 0.041796875
34 0.58828125 0.3734375 0.036328125 0.040625
34 0.73828125 0.44453125 0.03125 0.0390625
29 0.45996021093749995 0.7311339140625 0.49230057812499994 0.7578125 0.49676662812499994 0.7578125 0.5146182515625 0.7468751375 0.48448060625 0.71911820625 0.45996021093749995 0.7311339140625
29 0.6378188 0.740682025 0.6693553546875 0.7625 0.6710566015625 0.7625 0.6828125 0.75410643125 0.6828125 0.75260834375 0.6540916453125 0.728125 0.6530123390625 0.728125 0.6378188 0.740682025
49 0.479396571875 0.77909033125 0.45967562187500005 0.7901953125000001 0.49101155625 0.8203125 0.49148679375000004 0.8203125 0.504553453125 0.811848390625 0.481110775 0.778125 0.480127771875 0.778125 0.479396571875 0.77909033125
49 0.6481428078125 0.7984375 0.6359375 0.8042802234374999 0.6359375 0.8043550015625 0.6588872593749999 0.8328125 0.66052056875 0.8328125 0.671875 0.8256589078125 0.671875 0.8234141515625 0.6493229765625 0.7984375 0.6481428078125 0.7984375