15 0.39921875 0.078125 0.0515625 0.04375
15 0.43984375 0.27265625 0.042578125 0.0453125
16 0.53125 0.0828125 0.05078125 0.040625
16 0.528125 0.27578125 0.046484375 0.040625
53 0.64375 0.4953125 0.05 0.031640625
53 0.4421875 0.53359375 0.052734375 0.029296875
43 0.678125 0.559375 0.049609375 0.03125
43 0.478125 0.5921875 0.056640625 0.028515625
22 0.5775539968750001 0.7603809296875 0.579349171875 0.7796875 0.58551694375 0.7796875 0.6296875 0.7776580796875 0.6296875 0.764170640625 0.629407434375 0.7602548812500001 0.5775539968750001 0.7603809296875
22 0.40570579687499997 0.9029240828124999 0.465625 0.8994482218750001 0.465625 0.8987222593749999 0.46328196093749996 0.87987528125 0.40401539687500004 0.8848846968749999 0.40570579687499997 0.9029240828124999
42 0.6875 0.81875 0.6875 0.8036022624999999 0.639324953125 0.8032090437500001 0.6391035578125 0.81875 0.6875 0.81875
42 0.468190065625 0.9199281828125001 0.469130378125 0.934375 0.47894450156249996 0.934375 0.528125 0.9308119156249999 0.528125 0.9303927046875 0.523307390625 0.91875 0.5078315921875001 0.91875 0.468190065625 0.9199281828125001