4 0.525 0.0953125 0.046875 0.056640625
4 0.56640625 0.29140625 0.044921875 0.045703125
25 0.58203125 0.0640625 0.038671875 0.05859375
25 0.64609375 0.2546875 0.030078125 0.05
39 0.68046875 0.67109375 0.048828125 0.0234375
39 0.52109375 0.7828125 0.051171875 0.022265625
46 0.7203125 0.70859375 0.04765625 0.021875
40 0.584375 0.83125 0.0625 0.021875
28 0.50546875 0.4453125 0.057421875 0.034765625
28 0.4359375 0.61640625 0.0625 0.040625
27 0.38203125 0.44296875 0.073046875 0.040625
27 0.32109375 0.6390625 0.06875 0.04609375