15 0.39921875 0.078125 0.0515625 0.04375
15 0.43984375 0.27265625 0.042578125 0.0453125
16 0.53125 0.0828125 0.05078125 0.040625
16 0.528125 0.27578125 0.046484375 0.040625
53 0.64375 0.4953125 0.05 0.031640625
53 0.4421875 0.53359375 0.052734375 0.029296875
43 0.678125 0.559375 0.049609375 0.03125
43 0.478125 0.5921875 0.056640625 0.028515625
22 0.57753195625 0.7603755609375 0.578880421875 0.7796875 0.5832982546875 0.7796875 0.6296875 0.777020634375 0.6296875 0.7654017843750001 0.6294094 0.759646221875 0.57753195625 0.7603755609375
22 0.4059934171875 0.9029561828125001 0.465625 0.900187515625 0.465625 0.897810678125 0.46328586875 0.8805712781249999 0.4040936265625 0.8848922359375001 0.4059934171875 0.9029561828125001
42 0.6875 0.81875 0.6875 0.8027603203125 0.639336809375 0.803208290625 0.6394771718750001 0.81875 0.6875 0.81875
42 0.46820029375 0.919932571875 0.469308290625 0.934375 0.48010728125 0.934375 0.528125 0.93117379375 0.528125 0.93040503125 0.523177071875 0.91875 0.5176718578124999 0.91875 0.46820029375 0.919932571875