36 0.44453125 0.2890625 0.061328125 0.028515625
36 0.2625 0.4078125 0.084375 0.022265625
14 0.38203125 0.43984375 0.073828125 0.028125
14 0.56640625 0.334375 0.069921875 0.024609375
18 0.690625 0.33203125 0.02421875 0.051171875
18 0.81171875 0.45625 0.017578125 0.046484375
3 0.73984375 0.26953125 0.025 0.0453125
3 0.85703125 0.39375 0.01875 0.040625
12 0.60703125 0.5984375 0.0203125 0.04765625
12 0.72265625 0.7203125 0.019921875 0.043359375
20 0.52734375 0.64296875 0.020703125 0.048046875
20 0.646875 0.77109375 0.01875 0.038671875