35 0.44765625 0.15859375 0.05625 0.020703125
35 0.2828125 0.2625 0.072265625 0.021484375
31 0.54140625 0.2421875 0.066796875 0.025
31 0.35859375 0.3265625 0.069921875 0.022265625
13 0.54609375 0.49765625 0.0515625 0.035546875
13 0.503125 0.67421875 0.06796875 0.035546875
47 0.41953125 0.49453125 0.0609375 0.040625
47 0.35234375 0.6859375 0.067578125 0.03515625
52 0.790625 0.54375 0.040234375 0.044140625
52 0.93046875 0.63359375 0.026953125 0.042578125
17 0.73359375 0.60078125 0.036328125 0.046875
17 0.896875 0.6921875 0.028125 0.02890625