44 0.3265625 0.0546875 0.041015625 0.056640625
44 0.2609375 0.35234375 0.044140625 0.054296875
2 0.47578125 0.12890625 0.046875 0.053125
2 0.37578125 0.41640625 0.05 0.0609375
14 0.403125 0.44453125 0.037890625 0.080078125
14 0.4515625 0.8046875 0.031640625 0.093359375
20 0.3109375 0.58046875 0.03125 0.096875
20 0.390625 0.940625 0.03125 0.103515625
4 0.5453125 0.615625 0.0375 0.091015625
4 0.7671875 0.734375 0.046484375 0.106640625
5 0.5484375 0.778125 0.044140625 0.093359375
5 0.78203125 0.8546875 0.05 0.090625
23 0.6171875 0.496875 0.028125 0.10078125
23 0.5 0.221875 0.024609375 0.0875
25 0.5859375 0.1265625 0.016015625 0.08515625
25 0.69375 0.403125 0.021484375 0.084375
22 0.70234375 0.04375 0.0203125 0.068359375
22 0.8078125 0.31640625 0.025 0.083203125
45 0.8578125 0.209375 0.044140625 0.068359375
45 0.865625 0.540625 0.049609375 0.065625
10 0.9453125 0.56484375 0.05234375 0.079296875
10 0.7140625 0.50390625 0.04765625 0.080078125