30 0.33046875 0.10546875 0.0234375 0.075
30 0.4796875 0.29609375 0.025 0.078125
38 0.4890625 0.06328125 0.021484375 0.0734375
38 0.63125 0.2671875 0.021484375 0.081640625
10 0.67421875 0.15546875 0.028125 0.080078125
10 0.840625 0.34765625 0.031640625 0.084375
32 0.825 0.503125 0.028515625 0.093359375
32 0.6640625 0.26875 0.030859375 0.068359375
25 0.615625 0.37109375 0.025390625 0.0890625
25 0.78046875 0.60703125 0.03125 0.1
6 0.3328125 0.47734375 0.043359375 0.070703125
6 0.54375 0.50234375 0.043359375 0.070703125