7 0.078125 0.365625 0.041015625 0.108984375
7 0.12734375 0.7390625 0.0375 0.116015625
22 0.2015625 0.64296875 0.025 0.094921875
22 0.35625 0.88828125 0.028125 0.120703125
12 0.4234375 0.54765625 0.02265625 0.082421875
12 0.5703125 0.5796875 0.031640625 0.078515625
23 0.65 0.60703125 0.055859375 0.1
1 0.85703125 0.35390625 0.0484375 0.071875
17 0.60234375 0.34375 0.0515625 0.068359375
45 0.4203125 0.13984375 0.025 0.067578125
45 0.4921875 0.28671875 0.025390625 0.0734375
15 0.6328125 0.153125 0.05859375 0.03828125
15 0.83125 0.08359375 0.056640625 0.030078125