37 0.2109375 0.253125 0.046484375 0.05
43 0.246875 0.346875 0.044140625 0.055859375
21 0.2375 0.28984375 0.044140625 0.054296875
47 0.284375 0.3875 0.0375 0.069140625
25 0.30859375 0.4625 0.040625 0.06328125
17 0.303125 0.42109375 0.03828125 0.0640625
29 0.37109375 0.5 0.0359375 0.071875
13 0.39375 0.54609375 0.034375 0.071875
14 0.4078125 0.59921875 0.034375 0.070703125
5 0.4609375 0.6 0.031640625 0.080859375
9 0.4921875 0.6390625 0.033984375 0.078125
51 0.521875 0.6984375 0.034375 0.08515625
1 0.5625 0.74453125 0.031640625 0.0859375
33 0.6015625 0.7328125 0.028515625 0.084375
34 0.11953125 0.434375 0.0484375 0.056640625
2 0.1359375 0.48828125 0.05 0.0625
18 0.1796875 0.509375 0.043359375 0.071484375
26 0.2203125 0.52890625 0.040625 0.075
6 0.215625 0.59765625 0.047265625 0.0515625
48 0.2578125 0.66953125 0.050390625 0.069921875
22 0.3546875 0.7734375 0.043359375 0.066015625
10 0.4109375 0.809375 0.037890625 0.078515625
30 0.4296875 0.840625 0.037109375 0.081640625
38 0.50625 0.86953125 0.030859375 0.0890625
44 0.54453125 0.884375 0.034375 0.08828125
52 0.56953125 0.9359375 0.0375 0.091015625