50 0.1734375 0.7296875 0.031640625 0.109375
21 0.26796875 0.23046875 0.01875 0.0859375
21 0.3671875 0.434375 0.02109375 0.08828125
7 0.496875 0.1203125 0.024609375 0.084375
7 0.5921875 0.3953125 0.030859375 0.109375
3 0.70078125 0.334375 0.0640625 0.053125
3 0.5109375 0.6 0.062109375 0.05
8 0.9046875 0.41953125 0.074609375 0.0640625
8 0.7125 0.76953125 0.072265625 0.0609375
28 0.375 0.9359375 0.05625 0.083984375
28 0.634375 0.8328125 0.065625 0.084375
27 0.24296875 0.65390625 0.0515625 0.044921875
27 0.41796875 0.42578125 0.0484375 0.042578125