6 0.2390625 0.246875 0.037890625 0.046484375
6 0.425 0.1921875 0.040625 0.046484375
26 0.334375 0.6875 0.024609375 0.080859375
26 0.49921875 0.9265625 0.0234375 0.091015625
18 0.528125 0.79296875 0.025 0.094921875
18 0.36875 0.56953125 0.01875 0.078125
33 0.5625 0.64609375 0.03125 0.080078125
1 0.575 0.5359375 0.03671875 0.080859375
51 0.5984375 0.50859375 0.021875 0.078125
37 0.61875 0.42578125 0.01875 0.0734375
37 0.49140625 0.203125 0.0171875 0.068359375
43 0.53515625 0.12578125 0.0171875 0.0625
43 0.65 0.35546875 0.015234375 0.071875
44 0.7359375 0.3453125 0.01875 0.068359375
29 0.7859375 0.453125 0.016015625 0.083984375
52 0.809375 0.59765625 0.025390625 0.0734375
47 0.82265625 0.746875 0.059375 0.034375
47 0.64609375 0.94609375 0.05625 0.041796875