51 0.1578125 0.5203125 0.02890625 0.080859375
5 0.35078125 0.62890625 0.032421875 0.082421875
6 0.37265625 0.41640625 0.033203125 0.070703125
6 0.3625 0.7515625 0.04296875 0.080859375
7 0.49921875 0.5984375 0.0328125 0.080859375
7 0.52578125 0.959375 0.0421875 0.08125
4 0.5703125 0.96875 0.052734375 0.062109375
28 0.73125 0.584375 0.047265625 0.066015625
28 0.78828125 0.3046875 0.040625 0.053515625
31 0.5359375 0.3890625 0.047265625 0.040234375
31 0.70078125 0.2484375 0.0453125 0.043359375
29 0.446875 0.315625 0.04921875 0.03046875
29 0.5875 0.134375 0.05 0.028125
30 0.596875 0.08671875 0.02578125 0.055078125
30 0.759375 0.22734375 0.02578125 0.069921875