16 0.0828125 0.475 0.037890625 0.069140625
16 0.265625 0.45390625 0.047265625 0.071875
38 0.0765625 0.6390625 0.046484375 0.071875
29 0.38046875 0.95546875 0.05625 0.0359375
29 0.56015625 0.70390625 0.053125 0.0359375
49 0.45703125 0.615625 0.0328125 0.091015625
49 0.6515625 0.771875 0.040625 0.09921875
53 0.36875 0.51640625 0.046875 0.041796875
53 0.54921875 0.35625 0.053125 0.04921875
24 0.5875 0.20703125 0.037890625 0.078125
24 0.77265625 0.30390625 0.0421875 0.083203125
51 0.7875 0.03046875 0.04375 0.0609375
47 0.94765625 0.221875 0.0546875 0.069140625
43 0.8609375 0.4640625 0.06484375 0.071875
43 0.634375 0.5375 0.05 0.069140625