2 0.3859375 0.56640625 0.03125 0.094921875
2 0.5234375 0.8734375 0.03359375 0.11015625
53 0.553125 0.734375 0.027734375 0.1125
53 0.40703125 0.459375 0.0296875 0.091015625
25 0.44609375 0.346875 0.025 0.096875
25 0.5953125 0.6125 0.02265625 0.1
17 0.4859375 0.2515625 0.01875 0.083984375
17 0.6296875 0.49453125 0.02265625 0.108203125
47 0.515625 0.15078125 0.027734375 0.0765625
47 0.671875 0.36484375 0.028125 0.0984375
38 0.70703125 0.259375 0.0328125 0.080859375
38 0.5515625 0.0625 0.022265625 0.069140625