28 0.2609375 0.259375 0.022265625 0.080859375
28 0.3796875 0.51484375 0.02265625 0.095703125
26 0.3 0.1640625 0.01875 0.078125
26 0.4234375 0.40234375 0.021484375 0.0875
20 0.36875 0.06796875 0.021484375 0.083203125
20 0.48125 0.3 0.024609375 0.083984375
3 0.4828125 0.4234375 0.031640625 0.08984375
3 0.6515625 0.6453125 0.034375 0.09765625
34 0.61875 0.0453125 0.025390625 0.068359375
34 0.7703125 0.24765625 0.025390625 0.079296875
48 0.834375 0.2109375 0.05078125 0.046875
48 0.6578125 0.34609375 0.055859375 0.053125
33 0.89921875 0.3921875 0.05625 0.046484375
33 0.725 0.57421875 0.058984375 0.0484375