31 0.25 0.18515625 0.059375 0.045703125
39 0.0625 0.525 0.03125 0.103125
31 0.06953125 0.44375 0.0578125 0.05078125
39 0.153125 0.86953125 0.034375 0.119921875
20 0.27421875 0.3875 0.028125 0.108984375
13 0.4078125 0.86015625 0.044140625 0.090625
13 0.6703125 0.88359375 0.05625 0.1
52 0.759375 0.6625 0.072265625 0.058984375
52 0.96328125 0.27578125 0.0734375 0.0734375
10 0.88203125 0.08828125 0.0296875 0.0515625
5 0.55078125 0.24296875 0.0234375 0.071875
5 0.684375 0.40703125 0.027734375 0.080078125
9 0.484375 0.3890625 0.022265625 0.058984375
9 0.66484375 0.5203125 0.028125 0.068359375
37 0.2953125 0.13515625 0.028125 0.067578125
37 0.4875 0.22890625 0.037109375 0.069921875