50 0.12265625 0.859375 0.0515625 0.080859375
50 0.3453125 0.80625 0.047265625 0.068359375
46 0.3765625 0.7390625 0.062109375 0.06015625
24 0.428125 0.66015625 0.053515625 0.059375
28 0.45078125 0.60078125 0.05 0.059375
16 0.47109375 0.5171875 0.0546875 0.05234375
36 0.48125 0.44375 0.052734375 0.05078125
12 0.503125 0.41328125 0.044140625 0.057421875
42 0.5390625 0.3859375 0.04765625 0.053125
8 0.540625 0.3328125 0.047265625 0.056640625
20 0.5640625 0.221875 0.052734375 0.044140625
32 0.5640625 0.1625 0.049609375 0.03828125
4 0.5828125 0.09296875 0.04765625 0.044921875
0 0.58125 0.0515625 0.046875 0.03984375
53 0.62421875 0.21953125 0.05625 0.0359375
15 0.634375 0.17578125 0.053125 0.0375
39 0.6328125 0.13359375 0.04609375 0.028125
7 0.6421875 0.10625 0.050390625 0.0375
45 0.6390625 0.05859375 0.05234375 0.0359375
15 0.53125 0.81953125 0.059765625 0.071875
19 0.5390625 0.76015625 0.055859375 0.065625
31 0.5515625 0.70859375 0.053515625 0.055078125
35 0.5609375 0.665625 0.050390625 0.058984375
49 0.5703125 0.621875 0.047265625 0.068359375
3 0.5828125 0.57265625 0.052734375 0.065625
27 0.58125 0.51328125 0.049609375 0.054296875
23 0.59375 0.46484375 0.050390625 0.0515625