38 0.3125 0.3046875 0.04375 0.031640625
5 0.14375 0.6125 0.049609375 0.046875
21 0.2890625 0.58515625 0.018359375 0.079296875
21 0.4375 0.828125 0.01953125 0.0875
25 0.6171875 0.8546875 0.047265625 0.071484375
9 0.4796875 0.434375 0.04765625 0.028125
10 0.3625 0.21953125 0.044140625 0.030078125
22 0.3125 0.1296875 0.019140625 0.068359375
22 0.4421875 0.321875 0.01875 0.071875
14 0.565625 0.046875 0.04296875 0.025
14 0.4421875 0.23671875 0.04765625 0.0265625
30 0.5640625 0.45 0.044140625 0.046875
34 0.6546875 0.06796875 0.037890625 0.046875
2 0.76484375 0.08359375 0.040625 0.044921875
2 0.675 0.3125 0.043359375 0.046875
13 0.88515625 0.31640625 0.040625 0.066796875
17 0.7375 0.4625 0.05625 0.030859375
17 0.5953125 0.68984375 0.053515625 0.034375
48 0.9109375 0.56328125 0.050390625 0.0375
48 0.75546875 0.76953125 0.053125 0.041796875