13 0.3359375 0.11796875 0.053125 0.046875
13 0.2015625 0.36484375 0.05859375 0.040625
19 0.14140625 0.465625 0.0265625 0.091015625
19 0.2859375 0.60078125 0.025390625 0.090625
12 0.4 0.6796875 0.05546875 0.05234375
12 0.2171875 0.946875 0.05390625 0.041015625
6 0.378125 0.5203125 0.021484375 0.0875
6 0.51640625 0.6984375 0.028125 0.1
38 0.45546875 0.27734375 0.021875 0.067578125
38 0.6 0.45390625 0.031640625 0.083203125
53 0.8140625 0.065625 0.062890625 0.071484375
53 0.6515625 0.3671875 0.05625 0.04765625
47 0.9296875 0.4375 0.074609375 0.071875
47 0.77578125 0.86640625 0.078125 0.069921875
51 0.4765625 0.165625 0.047265625 0.06171875