38 0.365625 0.16875 0.044140625 0.028515625
38 0.209375 0.35 0.046875 0.028125
21 0.0984375 0.61015625 0.053515625 0.034375
21 0.2859375 0.42578125 0.04765625 0.0375
25 0.11953125 0.7515625 0.0234375 0.103125
17 0.309375 0.7015625 0.01875 0.08984375
5 0.43203125 0.26796875 0.015625 0.075
5 0.5640625 0.48515625 0.018359375 0.082421875
9 0.4125 0.36640625 0.015625 0.069921875
9 0.534375 0.61640625 0.015625 0.083203125
30 0.3765625 0.46953125 0.019140625 0.078125
30 0.503125 0.73203125 0.018359375 0.0859375
2 0.340625 0.5765625 0.022265625 0.083984375
2 0.465625 0.859375 0.022265625 0.091015625
10 0.5890625 0.5859375 0.021484375 0.08515625
22 0.63125 0.709375 0.01796875 0.08671875
48 0.7125 0.8859375 0.021875 0.091015625
13 0.753125 0.70234375 0.021875 0.0875
14 0.628125 0.3703125 0.018359375 0.07265625
14 0.77421875 0.60703125 0.021875 0.080078125
34 0.82265625 0.546875 0.0203125 0.080859375