50 0.153125 0.0453125 0.025390625 0.078515625
50 0.26015625 0.25859375 0.021875 0.083203125
46 0.29140625 0.28203125 0.0265625 0.080078125
24 0.32109375 0.30625 0.0265625 0.078515625
28 0.378125 0.2796875 0.022265625 0.0875
16 0.41875 0.275 0.021875 0.075
36 0.44296875 0.275 0.021875 0.080859375
12 0.478125 0.2859375 0.021484375 0.080859375
42 0.5171875 0.28671875 0.019140625 0.084375
8 0.5390625 0.3046875 0.027734375 0.084375
20 0.596875 0.2953125 0.02421875 0.084375
32 0.6296875 0.29375 0.025390625 0.090625
4 0.6546875 0.3 0.02734375 0.083984375
0 0.68125 0.2859375 0.02578125 0.083984375
15 0.1859375 0.4375 0.02265625 0.083984375
15 0.275 0.728125 0.028125 0.091015625
19 0.3140625 0.7234375 0.025390625 0.096875
31 0.34140625 0.725 0.028125 0.096875
35 0.375 0.7125 0.027734375 0.1
49 0.4046875 0.71015625 0.03125 0.0984375
3 0.43359375 0.721875 0.0296875 0.094140625
27 0.4671875 0.696875 0.02265625 0.08671875
23 0.503125 0.703125 0.024609375 0.0875
53 0.5390625 0.6890625 0.01875 0.08515625
11 0.5734375 0.6984375 0.02265625 0.08515625
39 0.60625 0.69375 0.019140625 0.09921875
7 0.628125 0.70703125 0.022265625 0.1
45 0.6671875 0.69140625 0.02109375 0.096875