45 0.303125 0.16484375 0.021484375 0.067578125
45 0.396875 0.40390625 0.01875 0.078125
42 0.440625 0.29609375 0.024609375 0.069921875
42 0.3390625 0.07421875 0.01875 0.070703125
51 0.15234375 0.51171875 0.021875 0.082421875
51 0.26640625 0.78125 0.021875 0.090625
52 0.1015625 0.63359375 0.025390625 0.085546875
52 0.22265625 0.92734375 0.025 0.0984375
53 0.321875 0.66875 0.01953125 0.09375
53 0.4515625 0.95390625 0.021875 0.0921875
50 0.35859375 0.54296875 0.023828125 0.086328125
50 0.4890625 0.8234375 0.025390625 0.103125
44 0.68203125 0.17890625 0.016796875 0.070703125
44 0.81484375 0.40703125 0.023828125 0.076953125
43 0.7015625 0.0984375 0.015234375 0.071484375
43 0.834375 0.3171875 0.021484375 0.084765625
48 0.490625 0.1765625 0.021875 0.075390625
48 0.61640625 0.40078125 0.0203125 0.076171875
47 0.5125 0.08515625 0.015625 0.067578125
49 0.60859375 0.62890625 0.025 0.091796875
49 0.7546875 0.91640625 0.028125 0.1015625
46 0.628125 0.53125 0.021875 0.084765625
46 0.77265625 0.8 0.029296875 0.096875