42 0.26640625 0.17578125 0.0171875 0.0734375
42 0.3796875 0.39609375 0.01640625 0.078125
45 0.303125 0.08046875 0.019140625 0.069921875
45 0.4078125 0.30546875 0.022265625 0.075
51 0.14921875 0.6421875 0.023828125 0.087109375
51 0.259375 0.94296875 0.028125 0.0953125
52 0.19140625 0.54453125 0.0234375 0.073828125
52 0.29921875 0.8359375 0.0203125 0.087890625
53 0.40703125 0.54453125 0.0234375 0.076953125
53 0.54296875 0.8109375 0.0265625 0.09375
50 0.37265625 0.6484375 0.021875 0.090234375
50 0.5125 0.925 0.025390625 0.103125
44 0.71015625 0.0640625 0.016796875 0.069140625
44 0.83828125 0.28125 0.021875 0.080859375
43 0.684375 0.15625 0.024609375 0.077734375
43 0.82578125 0.37421875 0.025 0.082421875
48 0.503125 0.05546875 0.01875 0.073828125
48 0.61640625 0.2765625 0.026171875 0.077734375
47 0.4765625 0.1296875 0.021484375 0.068359375
47 0.58828125 0.3546875 0.01875 0.077734375
49 0.6625 0.52578125 0.01953125 0.082421875
49 0.80703125 0.8015625 0.025 0.103125
46 0.63046875 0.6453125 0.026171875 0.093359375
46 0.7890625 0.921875 0.02890625 0.103125