18 0.8640625 0.53671875 0.091015625 0.054296875
46 0.6125 0.421875 0.062109375 0.040625
46 0.8234375 0.19296875 0.066015625 0.046875
35 0.9125 0.0625 0.049609375 0.066015625
35 0.696875 0.02734375 0.043359375 0.054296875
2 0.59375 0.06328125 0.043359375 0.040625
2 0.4515625 0.2546875 0.052734375 0.043359375
14 0.20625 0.12890625 0.019140625 0.053125
14 0.3296875 0.3109375 0.019140625 0.058984375
36 0.1078125 0.5609375 0.022265625 0.103125
36 0.271875 0.76484375 0.028515625 0.120703125
15 0.1859375 0.7796875 0.062109375 0.059375
42 0.41875 0.546875 0.021484375 0.080859375
42 0.55625 0.63671875 0.027734375 0.104296875