31 0.11796875 0.059375 0.025 0.084375
31 0.20625 0.3109375 0.022265625 0.08515625
37 0.3328125 0.06015625 0.019140625 0.0734375
37 0.43125 0.29765625 0.021875 0.090625
13 0.4421875 0.39765625 0.03359375 0.082421875
13 0.640625 0.509375 0.0375 0.083984375
48 0.5703125 0.16953125 0.028515625 0.075
9 0.66328125 0.07265625 0.0296875 0.070703125
9 0.7484375 0.3515625 0.027734375 0.08984375
5 0.81953125 0.3546875 0.0609375 0.0625
39 0.4234375 0.521875 0.031640625 0.08828125
52 0.221875 0.4234375 0.02578125 0.080859375
52 0.3703125 0.6578125 0.024609375 0.096484375