42 0.1984375 0.628125 0.024609375 0.083984375
45 0.253125 0.5 0.025 0.078125
45 0.3625 0.7828125 0.025390625 0.0875
42 0.31015625 0.9234375 0.028125 0.096875
51 0.271875 0.15078125 0.018359375 0.066796875
51 0.375 0.38125 0.021484375 0.077734375
52 0.403125 0.32421875 0.018359375 0.073828125
53 0.5140625 0.08359375 0.01640625 0.067578125
53 0.6328125 0.2984375 0.021484375 0.075390625
50 0.48515625 0.16328125 0.020703125 0.073828125
50 0.60859375 0.3828125 0.021875 0.074609375
44 0.69453125 0.5375 0.025 0.084765625
44 0.853125 0.8078125 0.025390625 0.103125
43 0.68671875 0.65078125 0.0203125 0.088671875
43 0.83359375 0.9515625 0.0234375 0.096875
48 0.46796875 0.55859375 0.0171875 0.083203125
48 0.60234375 0.8421875 0.021875 0.096875
47 0.4234375 0.6546875 0.01875 0.087109375
47 0.56328125 0.9390625 0.020703125 0.103125
49 0.71171875 0.1078125 0.0171875 0.071484375
49 0.83125 0.34140625 0.01953125 0.086328125
46 0.678125 0.20546875 0.018359375 0.070703125
46 0.80859375 0.43515625 0.0203125 0.076953125