12 0.15078125 0.1765625 0.0296875 0.08984375
12 0.2296875 0.4828125 0.03125 0.10234375
30 0.559375 0.215625 0.053125 0.043359375
32 0.6046875 0.2578125 0.02265625 0.0875
32 0.75078125 0.40859375 0.0265625 0.091796875
6 0.6703125 0.10234375 0.028515625 0.090625
6 0.85234375 0.2703125 0.028125 0.090625
44 0.615625 0.61796875 0.028515625 0.105078125
44 0.840625 0.8703125 0.043359375 0.134375
25 0.3453125 0.5265625 0.027734375 0.108984375
25 0.4765625 0.87265625 0.02734375 0.1234375
38 0.2609375 0.69453125 0.059375 0.044921875
38 0.0359375 0.96328125 0.059375 0.0625