11 0.4828125 0.603125 0.028515625 0.09921875
11 0.67265625 0.82109375 0.0359375 0.1140625
32 0.6921875 0.703125 0.025390625 0.103515625
32 0.5328125 0.4484375 0.027734375 0.094140625
39 0.5703125 0.33359375 0.019140625 0.080078125
39 0.725 0.58515625 0.028515625 0.0984375
15 0.740625 0.471875 0.021875 0.0875
15 0.5875 0.2359375 0.019140625 0.08515625
42 0.61171875 0.11953125 0.0234375 0.083203125
42 0.753125 0.35234375 0.021484375 0.084375
37 0.78125 0.259375 0.024609375 0.078515625
37 0.6484375 0.03203125 0.022265625 0.0640625