26 0.1578125 0.1265625 0.04140625 0.044140625
26 0.02109375 0.34140625 0.0421875 0.044921875
28 0.2390625 0.234375 0.021875 0.046875
28 0.375 0.36875 0.02421875 0.053515625
33 0.415625 0.22109375 0.030859375 0.0359375
33 0.596875 0.19921875 0.037109375 0.045703125
3 0.559375 0.06171875 0.04296875 0.054296875
3 0.75859375 0.03046875 0.0484375 0.0609375
48 0.975 0.0359375 0.044140625 0.071875
19 0.6953125 0.21796875 0.021484375 0.069921875
19 0.8359375 0.33828125 0.022265625 0.0875
27 0.628125 0.44296875 0.04921875 0.0640625
27 0.4203125 0.46171875 0.037109375 0.0625
21 0.49765625 0.4828125 0.053125 0.059375
21 0.40625 0.803125 0.0625 0.07578125
34 0.07109375 0.565625 0.021875 0.096484375
34 0.21796875 0.82109375 0.0265625 0.1109375