48 0.38125 0.16953125 0.052734375 0.0359375
48 0.2171875 0.3796875 0.055859375 0.0375
33 0.5 0.6421875 0.044140625 0.096484375
33 0.721875 0.7390625 0.041015625 0.08515625
4 0.7109375 0.5984375 0.044140625 0.078125
4 0.49765625 0.5125 0.040625 0.091015625
16 0.4859375 0.38671875 0.03515625 0.079296875
16 0.6921875 0.4796875 0.04140625 0.0875
36 0.67578125 0.353125 0.040625 0.078515625
36 0.4734375 0.28828125 0.034765625 0.0734375
20 0.6828125 0.275 0.040625 0.075
14 0.5 0.071875 0.03046875 0.065625
14 0.6828125 0.190625 0.033984375 0.069140625