42 0.3671875 0.090625 0.053125 0.068359375
42 0.2765625 0.4109375 0.055859375 0.075
18 0.33984375 0.5578125 0.0203125 0.090625
18 0.434375 0.7953125 0.021875 0.1125
11 0.49375 0.35859375 0.02578125 0.078125
11 0.68203125 0.53359375 0.034375 0.108203125
36 0.80234375 0.396875 0.0703125 0.0625
36 0.621875 0.72265625 0.068359375 0.054296875
35 0.90703125 0.4 0.075 0.058984375
35 0.72265625 0.728125 0.078125 0.058984375
46 0.6828125 0.18984375 0.053515625 0.0875
32 0.94453125 0.24453125 0.0484375 0.103125