5 0.04453125 0.30390625 0.028125 0.069921875
5 0.19375 0.33359375 0.031640625 0.075
45 0.3046875 0.18984375 0.025 0.082421875
45 0.4234375 0.43359375 0.021875 0.083203125
22 0.52109375 0.396875 0.05 0.06328125
22 0.61875 0.06015625 0.04453125 0.070703125
10 0.734375 0.1265625 0.055859375 0.06484375
25 0.79375 0.25078125 0.05546875 0.092578125
25 0.74296875 0.6875 0.0546875 0.094140625
44 0.646875 0.6140625 0.025390625 0.1
23 0.45859375 0.5328125 0.0484375 0.043359375
23 0.2921875 0.78984375 0.04140625 0.040625
4 0.18125 0.7859375 0.033984375 0.096875
4 0.0421875 0.6859375 0.021875 0.08515625
34 0.040625 0.56171875 0.025 0.0625
34 0.2046875 0.5703125 0.03515625 0.07265625