26 0.4796875 0.528125 0.028515625 0.078515625
4 0.396875 0.05078125 0.019140625 0.0765625
10 0.425 0.76171875 0.059765625 0.045703125
52 0.5421875 0.53203125 0.02734375 0.0890625
52 0.728125 0.7671875 0.034765625 0.096484375
35 0.7453125 0.6203125 0.033984375 0.093359375
35 0.5609375 0.42109375 0.028515625 0.083203125
51 0.58046875 0.30546875 0.028125 0.0890625
51 0.7625 0.49296875 0.031640625 0.0859375
13 0.76640625 0.36796875 0.0296875 0.083203125
13 0.58359375 0.203125 0.0265625 0.080859375
1 0.61484375 0.09140625 0.028125 0.069921875
1 0.7890625 0.278125 0.03515625 0.083984375