11 0.2765625 0.29375 0.043359375 0.044140625
11 0.46328125 0.228125 0.0421875 0.04296875
16 0.4203125 0.1421875 0.0375 0.049609375
28 0.48984375 0.13359375 0.015625 0.0703125
19 0.66328125 0.2046875 0.0296875 0.062890625
50 0.73671875 0.3296875 0.026171875 0.078515625
50 0.89296875 0.5515625 0.029296875 0.08359375
19 0.6921875 0.49609375 0.033984375 0.073046875
53 0.503125 0.3296875 0.040625 0.056640625
39 0.49921875 0.41171875 0.048828125 0.03125
15 0.69765625 0.57421875 0.045703125 0.057421875
15 0.4953125 0.60234375 0.043359375 0.061328125
23 0.6171875 0.6015625 0.046484375 0.05234375
23 0.5421875 0.940625 0.05 0.055859375
0 0.44453125 0.63359375 0.051171875 0.048828125
0 0.31015625 0.9375 0.054296875 0.055859375
27 0.24375 0.4 0.034765625 0.07578125
3 0.13515625 0.609375 0.0359375 0.0875
3 0.18125 0.95390625 0.040625 0.0921875
53 0.69453125 0.33984375 0.0421875 0.059375