8 0.075 0.409375 0.03203125 0.083984375
21 0.1 0.46953125 0.05078125 0.058203125
7 0.071875 0.109375 0.024609375 0.071875
7 0.2421875 0.25234375 0.02734375 0.082421875
52 0.3328125 0.74765625 0.053125 0.0515625
52 0.471875 0.45 0.05078125 0.041015625
24 0.3046875 0.3125 0.030859375 0.083984375
53 0.37109375 0.25390625 0.0390625 0.071875
49 0.3890625 0.29453125 0.040625 0.071875
6 0.6140625 0.03359375 0.037890625 0.066796875
6 0.6546875 0.32734375 0.027734375 0.0734375
48 0.7359375 0.240625 0.052734375 0.05
48 0.55 0.384375 0.055859375 0.041015625
33 0.6671875 0.496875 0.053125 0.044140625
26 0.64609375 0.77734375 0.046875 0.092578125
43 0.60625 0.578125 0.053515625 0.06328125
29 0.803125 0.72578125 0.034765625 0.0984375
3 0.79375 0.403125 0.028125 0.093359375
3 0.9734375 0.66953125 0.033984375 0.103125
34 0.821875 0.2640625 0.024609375 0.083984375
27 0.70546875 0.034375 0.0453125 0.06875
27 0.909375 0.059375 0.050390625 0.066015625
28 0.97109375 0.8234375 0.0578125 0.053125
38 0.178125 0.759375 0.03203125 0.094140625
38 0.3671875 0.95078125 0.031640625 0.0984375
34 0.98828125 0.51484375 0.0234375 0.0890625