29 0.1359375 0.36796875 0.022265625 0.094921875
29 0.29375 0.603125 0.022265625 0.09921875
49 0.35234375 0.296875 0.0375 0.07421875
49 0.55625 0.446875 0.04296875 0.075
24 0.58046875 0.4015625 0.0234375 0.08984375
24 0.71015625 0.57421875 0.0265625 0.0984375
51 0.640625 0.259375 0.02578125 0.07421875
51 0.825 0.36328125 0.034765625 0.090625
43 0.67890625 0.184375 0.0515625 0.053515625
43 0.915625 0.07578125 0.06875 0.045703125
47 0.9234375 0.29765625 0.065625 0.117578125
47 0.903125 0.79296875 0.068359375 0.121875
16 0.4765625 0.884375 0.04765625 0.119140625
53 0.3796875 0.58984375 0.058984375 0.057421875
53 0.1984375 0.91875 0.068359375 0.056640625